$ 1 0.000005 10.20027730826997 50 5 43 5e-11
R 320 112 320 64 0 0 40 10 0 0 0.5
r 320 112 320 176 0 1000
w 320 112 240 112 0
w 320 112 416 112 0
r 240 112 240 176 0 1000
r 416 112 416 176 0 1000
t 208 224 240 224 0 1 0.6710573754857789 0.6951546040397528 100 default
t 288 224 320 224 0 1 -0.29228166476015266 0.024097228553973858 100 default
t 384 224 416 224 0 1 -0.3787757107256263 0.3163788933141265 100 default
w 240 176 240 208 0
w 320 176 320 208 0
w 416 176 416 208 0
w 240 176 288 176 0
w 288 176 288 224 0
w 320 176 384 176 0
w 384 176 384 224 0
g 240 240 240 272 0 0
g 320 240 320 272 0 0
g 416 240 416 272 0 0
w 384 224 384 288 0
c 384 288 384 336 4 0.000047 -0.3787757107256263 0.001 0
w 208 224 144 224 0
w 144 224 144 368 0
w 144 368 384 368 0
w 384 336 384 368 0
w 384 368 592 368 0
w 592 368 592 192 0
w 416 176 592 176 0
w 592 176 592 192 0
162 384 608 384 672 2 default-led 1 0 0 0.01
r 384 672 384 720 0 1000
