$ 1 0.000005 10.20027730826997 50 5 50 5e-11
v 864 304 880 304 0 0 40 10 0 0 0.5
s 880 304 928 304 0 1 false
w 864 368 864 304 0
w 976 368 928 368 0
r 928 304 976 304 0 1000
w 976 304 1072 304 0
c 976 304 976 368 4 0.0000049999999999999996 0.7184434566038345 0.001 0
w 1072 368 976 368 0
162 1072 304 1072 368 2 default-led 1 0 0 0.01
w 928 304 928 224 0
r 928 224 976 224 0 1000
c 976 224 976 304 4 0.00001 1.1328715743275097e-12 0.001 0
w 976 224 1072 224 0
162 1072 224 1072 304 2 default-led 1 0 0 0.01
w 928 224 928 160 0
r 928 160 976 160 0 2000
c 976 160 976 224 4 0.0000049999999999999996 -1.1232126340132709e-12 0.001 0
w 976 160 1072 160 0
162 1072 160 1072 224 2 default-led 1 0 0 0.01
162 1072 96 1072 160 2 default-led 1 0 0 0.01
w 976 96 1072 96 0
c 976 96 976 160 4 0.000009999999999999999 2.912003971289323e-12 0.001 0
r 928 96 976 96 0 2000
w 928 160 928 96 0
162 1072 32 1072 96 2 default-led 1 0 0 0.01
w 976 32 1072 32 0
c 976 32 976 96 4 0.0000049999999999999996 -1.4815926263622714e-12 0.001 0
r 928 32 976 32 0 3000
w 928 96 928 32 0
w 864 368 928 368 0
o 13 64 0 4099 0.0000762939453125 0.00009765625 0 2 13 3
o 8 64 0 4099 2.5 0.00009765625 1 2 8 3
